# x_path held_b1_THz held_b2_THz held_b3_THz
0.0000000000 -0.0000000517 0.0000000900 0.0000001389
0.0410665829 0.2865831936 0.2865831936 0.5109192346
0.0821331658 0.5724047828 0.5724047828 1.0202321585
0.1231997488 0.8567127897 0.8567127897 1.5263433622
0.1642663317 1.1387744074 1.1387744074 2.0276791710
0.2053329146 1.4178853789 1.4178853789 2.5226983433
0.2463994975 1.6933791261 1.6933791261 3.0099025657
0.2874660805 1.9646355360 1.9646355360 3.4878466787
0.3285326634 2.2310893126 2.2310893126 3.9551485672
0.3695992463 2.4922377903 2.4922377903 4.4104986484
0.4106658292 2.7476481021 2.7476481021 4.8526688948
0.4517324121 2.9969635841 2.9969635841 5.2805213256
0.4927989951 3.2399092926 3.2399092926 5.6930159052
0.5338655780 3.4762965006 3.4762965006 6.0892177855
0.5749321609 3.7060260324 3.7060260324 6.4683038284
0.6159987438 3.9290902927 3.9290902927 6.8295683502
0.6570653268 4.1455738441 4.1455738441 7.1724280226
0.6981319097 4.3556523913 4.3556523913 7.4964258724
0.7391984926 4.5595900398 4.5595900398 7.8012343168
0.7802650755 4.7577347214 4.7577347214 8.0866571737
0.8213316584 4.9505117033 4.9505117033 8.3526305864
0.8623982414 5.1384151451 5.1384151451 8.5992228019
0.9034648243 5.3219977228 5.3219977228 8.8266327427
0.9445314072 5.5018584039 5.5018584039 9.0351873159
0.9855979901 5.6786285398 5.6786285398 9.2253374040
1.0266645730 5.8529565252 5.8529565252 9.3976524910
1.0677311560 6.0254913605 6.0254913605 9.5528138823
1.1087977389 6.1968655374 6.1968655374 9.6916064928
1.1498643218 6.3676777350 6.3676777350 9.8149091921
1.1909309047 6.5384758637 6.5384758637 9.9236837200
1.2319974877 6.7097410143 6.7097410143 10.0189622134
1.2730640706 6.8818728602 6.8818728602 10.1018334247
1.3141306535 7.0551770148 7.0551770148 10.1734277503
1.3551972364 7.2298547689 7.2298547689 10.2349012435
1.3962638193 7.4059955305 7.4059955305 10.2874188380
1.4373304023 7.5835721671 7.5835721671 10.3321370666
1.4783969852 7.7624393222 7.7624393222 10.3701866209
1.5194635681 7.9423346484 7.9423346484 10.4026551485
1.5605301510 8.1228827884 8.1228827884 10.4305707303
1.6015967340 8.3036018398 8.3036018398 10.4548865094
1.6426633169 8.4839119696 8.4839119696 10.4764669499
1.6837298998 8.6631458024 8.6631458024 10.4960761912
1.7247964827 8.8405601897 8.8405601897 10.5143689160
1.7658630656 9.0153489704 9.0153489704 10.5318840815
1.8069296486 9.1866563567 9.1866563567 10.5490417655
1.8479962315 9.3535906142 9.3535906142 10.5661432610
1.8890628144 9.5152377451 9.5152377451 10.5833744240
1.9301293973 9.6706749320 9.6706749320 10.6008121443
1.9711959803 9.8189835416 9.8189835416 10.6184336820
2.0122625632 9.9592615296 9.9592615296 10.6361284967
2.0533291461 10.0906351280 10.0906351280 10.6537121069
2.0943957290 10.2122697228 10.2122697228 10.6709414522
2.1354623119 10.3233798601 10.3233798601 10.6875311930
2.1765288949 10.4232383384 10.4232383384 10.7031703760
2.2175954778 10.5111843587 10.5111843587 10.7175389105
2.2586620607 10.5866307183 10.5866307183 10.7303233356
2.2997286436 10.6490700406 10.6490700406 10.7412314138
2.3407952266 10.6980800399 10.6980800399 10.7500051437
2.3818618095 10.7333278217 10.7333278217 10.7564318539
2.4229283924 10.7545732226 10.7545732226 10.7603531050
2.4639949753 10.7616711925 10.7616711925 10.7616711925
2.4930334346 10.7581211379 10.7588504649 10.7602833674
2.5220718938 10.7474824195 10.7504383427 10.7561044128
2.5511103531 10.7297893403 10.7365847355 10.7490880691
2.5801488124 10.7050989614 10.7175385749 10.7391578304
2.6091872716 10.6734909352 10.6936463934 10.7262078232
2.6382257309 10.6350672734 10.6653502456 10.7101040161
2.6672641902 10.5899520468 10.6331848863 10.6906857398
2.6963026494 10.5382910197 10.5977740963 10.6677674928
2.7253411087 10.4802512157 10.5598260285 10.6411410035
2.7543795680 10.4160204177 10.5201274343 10.6105775178
2.7834180272 10.3458065993 10.4795366216 10.5758302776
2.8124564865 10.2698372881 10.4389750011 10.5366371559
2.8414949458 10.1883588615 10.3994170919 10.4927234114
2.8705334050 10.1016357719 10.3618788884 10.4438045299
2.8995718643 10.0099497034 10.3274045417 10.3895891168
2.9286103235 9.9135986568 10.2970513768 10.3297818094
2.9576487828 9.8128959643 10.2640861790 10.2718733569
2.9866872421 9.7081692313 10.1922075962 10.2529032130
3.0157257013 9.5997592049 10.1138560353 10.2411335757
3.0447641606 9.4880185694 10.0287487968 10.2374975659
3.0738026199 9.3733106663 9.9366131300 10.2428494150
3.1028410791 9.2560081395 9.8371887428 10.2579457738
3.1318795384 9.1364915060 9.7302301868 10.2834284205
3.1609179977 9.0151476514 9.6155091095 10.3198090816
3.1899564569 8.8923682523 9.4928163705 10.3674570259
3.2189949162 8.7685481276 9.3619640186 10.4265899787
3.2480333755 8.6440835224 9.2227871323 10.4972687436
3.2770718347 8.5193703286 9.0751455273 10.5793957216
3.3061102940 8.3948022505 8.9189253400 10.6727173027
3.3351487532 8.2707689235 8.7540404968 10.7768299001
3.3641872125 8.1476539983 8.5804340836 10.8911892155
3.3932256718 8.0258332046 8.3980796375 11.0151221884
3.4222641310 7.9056724125 8.2069823812 11.1478409975
3.4513025903 7.7875257138 8.0071804342 11.2884584542
3.4803410496 7.6717335459 7.7987460392 11.4360041450
3.5093795088 7.5586208880 7.5817868545 11.5894407442
3.5384179681 7.3564473785 7.4484955607 11.7476800026
3.5674564274 7.1229105910 7.3416466617 11.9095980216
3.5964948866 6.8813999277 7.2383431738 12.0740495261
3.6255333459 6.6321817392 7.1388327821 12.2398809516
3.6545718052 6.3755684443 7.0433409345 12.4059422450
3.6836102644 6.1119226659 6.9520701791 12.5710973537
3.7126487237 5.8416627555 6.8651998100 12.7342334299
3.7416871829 5.5652702796 6.7828858413 12.8942688201
3.7707256422 5.2833002990 6.7052613293 13.0501599331
3.7997641015 4.9963956567 6.6324370472 13.2009070953
3.8288025607 4.7053070789 6.5645025089 13.3455595065
3.8578410200 4.4109218107 6.5015273278 13.4832194098
3.8868794793 4.1143049449 6.4435628821 13.6130455810
3.9159179385 3.8167598588 6.3906442483 13.7342562355
3.9449563978 3.5199177286 6.3427923522 13.8461314397
3.9739948571 3.2258715417 6.3000162792 13.9480151049
4.0030333163 2.9373779166 6.2623156743 14.0393166268
4.0320717756 2.6581596556 6.2296831623 14.1195122293
4.0611102349 2.3933473292 6.2021067098 14.1881460565
4.0901486941 2.1500763787 6.1795718568 14.2448310532
4.1191871534 1.9381412544 6.1620637445 14.2892496631
4.1482256126 1.7702706160 6.1495688740 14.3211543697
4.1772640719 1.6609851596 6.1420765380 14.3403680991
4.2063025312 1.6228466471 6.1395798789 14.3467844986
4.2353409904 1.6236925725 6.1387184135 14.3427154091
4.2643794497 1.6262138986 6.1361254442 14.3305054066
4.2934179090 1.6303616931 6.1317753480 14.3101463310
4.3224563682 1.6360557664 6.1256257423 14.2816247202
4.3514948275 1.6431866348 6.1176179623 14.2449220163
4.3805332868 1.6516181081 6.1076777185 14.2000148509
4.4095717460 1.6611903638 6.0957159225 14.1468754077
4.4386102053 1.6717233554 6.0816296691 14.0854718589
4.4676486646 1.6830204007 6.0653033576 14.0157688713
4.4966871238 1.6948718090 6.0466099369 13.9377281769
4.5257255831 1.7070584240 6.0254122540 13.8513092039
4.5547640423 1.7193549848 6.0015644893 13.7564697620
4.5838025016 1.7315332338 5.9749136561 13.6531667755
4.6128409609 1.7433647256 5.9453011486 13.5413570589
4.6418794201 1.7546233141 5.9125643169 13.4209981273
4.6709178794 1.7650873127 5.8765380524 13.2920490348
4.6999563387 1.7745413385 5.8370563670 13.1544712356
4.7289947979 1.7827778584 5.7939539501 13.0082294580
4.7580332572 1.7895984659 5.7470676899 12.8532925873
4.7870717165 1.7948149152 5.6962381465 12.6896345478
4.8161101757 1.7982499438 5.6413109662 12.5172351800
4.8451486350 1.7997379131 5.5821382280 12.3360811042
4.8741870943 1.7991252921 5.5185797142 12.1461665652
4.9032255535 1.7962710112 5.4505040996 11.9474942520
4.9322640128 1.7910467051 5.3777900540 11.7400760867
4.9613024720 1.7833368639 5.3003272548 11.5239339773
4.9903409313 1.7730389085 5.2180173079 11.2991005294
5.0193793906 1.7600632020 5.1307745738 11.0656197123
5.0484178498 1.7443330085 5.0385269006 10.8235474751
5.0774563091 1.7257844070 4.9412162623 10.5729523100
5.1064947684 1.7043661681 4.8387993044 10.3139157585
5.1355332276 1.6800395974 4.7312477980 10.0465328575
5.1645716869 1.6527783508 4.6185490036 9.7709125248
5.1936101462 1.6225682254 4.5007059476 9.4871778796
5.2226486054 1.5894069263 4.3777376139 9.1954664981
5.2516870647 1.5533038131 4.2496790526 8.8959306024
5.2807255240 1.5142796271 4.1165814094 8.5887371820
5.3097639832 1.4723661997 3.9785118783 8.2740680483
5.3388024425 1.4276061423 3.8355535806 7.9521198204
5.3678409017 1.3800525206 3.6878053741 7.6231038450
5.3968793610 1.3297685106 3.5353815936 7.2872460483
5.4259178203 1.2768270397 3.3784117290 6.9447867237
5.4549562795 1.2213104110 3.2170400410 6.5959802545
5.4839947388 1.1633099127 3.0514251193 6.2410947743
5.5130331981 1.1029254124 2.8817393869 5.8804117665
5.5420716573 1.0402649365 2.7081685514 5.5142256055
5.5711101166 0.9754442360 2.5309110091 5.1428430411
5.6001485759 0.9085863380 2.3501772028 4.7665826299
5.6291870351 0.8398210852 2.1661889379 4.3857741146
5.6582254944 0.7692846618 1.9791786589 4.0007577568
5.6872639537 0.6971191089 1.7893886900 3.6118836228
5.7163024129 0.6234718282 1.5970704420 3.2195108299
5.7453408722 0.5484950762 1.4024835898 2.8240067526
5.7743793314 0.4723454485 1.2058952223 2.4257461947
5.8034177907 0.3951833564 1.0075789682 2.0251105301
5.8324562500 0.3171724957 0.8078141010 1.6224868158
5.8614947092 0.2384793092 0.6068846256 1.2182668817
5.8905331685 0.1592724441 0.4050783505 0.8128463997
5.9195716278 0.0797222042 0.2026859469 0.4066239376
5.9486100870 -0.0000000517 0.0000000900 0.0000001389
5.9841747911 0.1640823398 0.1640823398 0.5150580865
6.0197394951 0.3283843264 0.3283843264 1.0290577129
6.0553041992 0.4931184923 0.4931184923 1.5409474792
6.0908689033 0.6584833931 0.6584833931 2.0496900199
6.1264336073 0.8246572368 0.8246572368 2.5542688066
6.1619983114 0.9917922181 0.9917922181 3.0536946945
6.1975630154 1.1600097426 1.1600097426 3.5470121307
6.2331277195 1.3293966807 1.3293966807 4.0333049445
6.2686924235 1.5000027509 1.5000027509 4.5117016424
6.3042571276 1.6718390852 1.6718390852 4.9813801358
6.3398218317 1.8448779894 1.8448779894 5.4415718343
6.3753865357 2.0190538703 2.0190538703 5.8915650413
6.4109512398 2.1942652694 2.1942652694 6.3307075986
6.4465159438 2.3703779175 2.3703779175 6.7584087330
6.4820806479 2.5472286992 2.5472286992 7.1741400663
6.5176453519 2.7246304061 2.7246304061 7.5774357628
6.5532100560 2.9023771440 2.9023771440 7.9678917976
6.5887747601 3.0802502529 3.0802502529 8.3451643440
6.6243394641 3.2580245978 3.2580245978 8.7089672895
6.6599041682 3.4354750842 3.4354750842 9.0590689087
6.6954688722 3.6123832536 3.6123832536 9.3952877330
6.7310335763 3.7885438152 3.7885438152 9.7174876767
6.7665982803 3.9637709701 3.9637709701 10.0255724930
6.8021629844 4.1379043859 4.1379043859 10.3194796529
6.8377276885 4.3108146810 4.3108146810 10.5991737517
6.8732923925 4.4824082789 4.4824082789 10.8646395658
6.9088570966 4.6526314965 4.6526314965 11.1158748939
6.9444218006 4.8214737336 4.8214737336 11.3528833254
6.9799865047 4.9889696394 4.9889696394 11.5756670896
7.0155512087 5.1552001387 5.1552001387 11.7842201396
7.0511159128 5.3202922202 5.3202922202 11.9785216280
7.0866806169 5.4844174024 5.4844174024 12.1585299243
7.1222453209 5.6477888256 5.6477888256 12.3241773195
7.1578100250 5.8106569440 5.8106569440 12.4753655482
7.1933747290 5.9733038350 5.9733038350 12.6119622417
7.2289394331 6.1360361850 6.1360361850 12.7337984101
7.2645041371 6.2991770575 6.2991770575 12.8406670242
7.3000688412 6.4630566045 6.4630566045 12.9323227463
7.3356335453 6.6280019276 6.6280019276 13.0084828335
7.3711982493 6.7943263430 6.7943263430 13.0688292098
7.4067629534 6.9623183454 6.9623183454 13.1130116798
7.4423276574 7.1322305913 7.1322305913 13.1406522328
7.4778923615 7.3042692371 7.3042692371 13.1513503648
7.5134570655 7.4785839685 7.4785839685 13.1446893277
7.5490217696 7.6552590366 7.6552590366 13.1202432020
7.5845864737 7.8343055855 7.8343055855 13.0775846757
7.6201511777 8.0156555064 8.0156555064 13.0162934083
7.6557158818 8.1991569968 8.1991569968 12.9359648554
7.6912805858 8.3845719397 8.3845719397 12.8362194292
7.7268452899 8.5715751486 8.5715751486 12.7167118796
7.7624099939 8.7597554636 8.7597554636 12.5771407874
7.7979746980 8.9486186257 8.9486186257 12.4172580744
7.8335394021 9.1375918061 9.1375918061 12.2368784574
7.8691041061 9.3260296334 9.3260296334 12.0358887886
7.9046688102 9.5132215331 9.5132215331 11.8142572594
7.9402335142 9.6984001820 9.6984001820 11.5720424717
7.9757982183 9.8807508728 9.8807508728 11.3094024276
8.0113629223 10.0594215918 10.0594215918 11.0266035367
8.0469276264 10.2335336209 10.2335336209 10.7240298095
8.0824923305 10.4021924900 10.4021924900 10.4021924900
8.1180570345 10.0617404996 10.5644991264 10.5644991264
8.1536217386 9.7034722194 10.7195610631 10.7195610631
8.1891864426 9.3283493577 10.8665035901 10.8665035901
8.2247511467 8.9375139557 11.0044807459 11.0044807459
8.2603158507 8.5323100166 11.1326860682 11.1326860682
8.2958805548 8.1143118669 11.2503630304 11.2503630304
8.3314452589 7.6853622512 11.3568151051 11.3568151051
8.3670099629 7.2476244424 11.4514154042 11.4514154042
8.4025746670 6.8036544687 11.5336158517 11.5336158517
8.4381393710 6.3565020561 11.6029558467 11.6029558467
8.4737040751 5.9098520883 11.6590703806 11.6590703806
8.5092687791 5.4682218486 11.7016975665 11.7016975665
8.5448334832 5.0372311404 11.7306855388 11.7306855388
8.5803981872 4.6239570639 11.7459986730 11.7459986730
8.6159628913 4.2373590054 11.7477230690 11.7477230690
8.6515275954 3.8886840222 11.7360712250 11.7360712250
8.6870922994 3.5915977696 11.7113858181 11.7113858181
8.7226570035 3.3615297230 11.6741424833 11.6741424833
8.7582217075 3.2135748653 11.6249514622 11.6249514622
8.7937864116 3.1588125425 11.5645579641 11.5645579641
8.8293511156 3.2004284333 11.4938410477 11.4938410477
8.8649158197 3.3322280273 11.4138108027 11.4138108027
8.9004805238 3.5407833067 11.3256035716 11.3256035716
8.9360452278 3.8095572777 11.2304749206 11.2304749206
8.9716099319 4.1224414506 11.1297900466 11.1297900466
9.0071746359 4.4655867112 11.0250112923 11.0250112923
9.0427393400 4.8278434609 10.9176824552 10.9176824552
9.0783040440 5.2005035535 10.8094096223 10.8094096223
9.1138687481 5.5768308240 10.7018383442 10.7018383442
9.1494334522 5.9516067910 10.5966271123 10.5966271123
9.1849981562 6.3207633647 10.4954172963 10.4954172963
9.2205628603 6.6811076730 10.3997999698 10.3997999698
9.2561275643 7.0301228351 10.3112803632 10.3112803632
9.2916922684 7.3658256104 10.2312410300 10.2312410300
9.3272569724 7.6866647943 10.1609051519 10.1609051519
9.3628216765 7.9914481786 10.1013016877 10.1013016877
9.3983863806 8.2792893009 10.0532342480 10.0532342480
9.4339510846 8.5495677864 10.0172555874 10.0172555874
9.4695157887 8.8018989334 9.9936494251 9.9936494251
9.5050804927 9.0361094764 9.9824209258 9.9824209258
9.5406451968 9.2522173585 9.9832966241 9.9832966241
9.5762099008 9.4504139568 9.9957339225 9.9957339225
9.6117746049 9.6310476426 10.0189396180 10.0189396180
9.6473393090 9.7946078630 10.0518963107 10.0518963107
9.6829040130 9.9417091594 10.0933950871 10.0933950871
9.7184687171 10.0730747087 10.1420726056 10.1420726056
9.7540334211 10.1895191124 10.1964506473 10.1964506473
9.7895981252 10.2549763131 10.2549763131 10.2919302764
9.8251628292 10.3160613003 10.3160613003 10.3812503316
9.8607275333 10.3781190261 10.3781190261 10.4584556418
9.8962922374 10.4395987219 10.4395987219 10.5245360473
9.9318569414 10.4990159656 10.4990159656 10.5804735811
9.9674216455 10.5549794101 10.5549794101 10.6272209859
10.0029863495 10.6062136960 10.6062136960 10.6656804400
10.0385510536 10.6515787003 10.6515787003 10.6966829680
10.0741157576 10.6900853712 10.6900853712 10.7209690576
10.1096804617 10.7209084501 10.7209084501 10.7391710332
10.1452451658 10.7433963853 10.7433963853 10.7517977255
10.1808098698 10.7570787202 10.7570787202 10.7592219449
10.2163745739 10.7616711925 10.7616711925 10.7616711925
